-3.22752 -1.67935 
-3.18118 -1.66223 
-2.0758 -1.09278 
-2.81572 -0.770961 

-2.07718 -1.80574 -0.929768 -1.4973 
-1.0796 -0.817951 -0.973003 -1.14951 
-1.12642 -1.61374 -0.484906 -1.16315 
-2.45669 -2.43219 -1.1431 -1.68729 

-2.43814 -1.18942 -1.37997 -2.681 
-1.677 -1.00748 -0.732875 -1.57355 
-0.854704 -0.769478 -0.466169 -1.70933 
2.00158 0.580692 1.35494 3.33927 

-1.12852 -0.671082 -0.581446 0.478995 
3.83789 2.81539 1.57373 -3.8164 
-3.01848 -1.24558 -1.37101 3.50277 
-2.22867 -1.14272 -0.849171 2.70016 

0.946481 -4.55465 5.37674 3.73563 
0.839862 -8.04844 3.17864 2.19336 

